chr1 0 20 14.8
chr1 20 40 97.84
chr1 40 60 72.57
chr1 60 80 17.27
chr1 80 100 78.07
chr1 100 120 87.67
chr1 120 140 87.63
chr1 140 160 25.98
chr1 160 180 57.61
chr1 180 200 89.16
chr1 200 220 74.8
chr1 220 240 23.26
chr1 240 260 94.68
chr1 260 280 80.25
chr1 280 300 97.54
chr1 300 320 99.43
chr1 320 340 64.7
chr1 340 360 40.51
chr1 360 380 65.22
chr1 380 400 12.29
chr1 400 420 38.21
chr1 420 440 21.96
chr1 440 460 74.4
chr1 460 480 83.38
chr1 480 500 87.07
chr1 500 520 32.82
chr1 520 540 45.94
chr1 540 560 25.36
chr1 560 580 64.84
chr1 580 600 73.83
chr1 600 620 43.4
chr1 620 640 14.67
chr1 640 660 21.93
chr1 660 680 95.82
chr1 680 700 60.52
chr1 700 720 3.14
chr1 720 740 91.33
chr1 740 760 2.64
chr1 760 780 99.0
chr1 780 800 99.22
chr1 800 820 75.54
chr1 820 840 58.48
chr1 840 860 50.29
chr1 860 880 18.87
chr1 880 900 26.2
chr1 900 920 72.43
chr1 920 940 86.29
chr1 940 960 87.44
chr1 960 980 64.87
chr1 980 1000 21.47
chr1 1000 1020 73.04
chr1 1020 1040 7.95
chr1 1040 1060 50.66
chr1 1060 1080 62.77
chr1 1080 1100 26.71
chr1 1100 1120 37.04
chr1 1120 1140 98.9
chr1 1140 1160 63.34
chr1 1160 1180 18.14
chr1 1180 1200 52.79
chr1 1200 1220 33.23
chr1 1220 1240 12.75
chr1 1240 1260 93.31
chr1 1260 1280 25.66
chr1 1280 1300 45.07
chr1 1300 1320 50.88
chr1 1320 1340 71.71
chr1 1340 1360 27.82
chr1 1360 1380 61.4
chr1 1380 1400 94.41
chr1 1400 1420 15.23
chr1 1420 1440 25.68
chr1 1440 1460 66.15
chr1 1460 1480 26.5
chr1 1480 1500 40.97
chr1 1500 1520 21.95
chr1 1520 1540 56.37
chr1 1540 1560 36.72
chr1 1560 1580 32.76
chr1 1580 1600 1.85
chr1 1600 1620 10.5
chr1 1620 1640 74.14
chr1 1640 1660 3.82
chr1 1660 1680 1.52
chr1 1680 1700 40.91
chr1 1700 1720 48.32
chr1 1720 1740 27.83
chr1 1740 1760 72.83
chr1 1760 1780 96.03
chr1 1780 1800 97.71
chr1 1800 1820 16.66
chr1 1820 1840 22.95
chr1 1840 1860 23.21
chr1 1860 1880 63.49
chr1 1880 1900 16.41
chr1 1900 1920 50.03
chr1 1920 1940 38.33
chr1 1940 1960 13.37
chr1 1960 1980 13.56
chr1 1980 2000 65.82
chr1 2000 2020 14.56
chr1 2020 2040 11.24
chr1 2040 2060 2.53
chr1 2060 2080 92.29
chr1 2080 2100 0.25
chr1 2100 2120 70.75
chr1 2120 2140 89.04
chr1 2140 2160 72.92
chr1 2160 2180 92.02
chr1 2180 2200 60.24
chr1 2200 2220 19.68
chr1 2220 2240 84.64
chr1 2240 2260 27.32
chr1 2260 2280 62.93
chr1 2280 2300 9.0
chr1 2300 2320 95.26
chr1 2320 2340 90.72
chr1 2340 2360 77.55
chr1 2360 2380 44.03
chr1 2380 2400 6.16
chr1 2400 2420 12.94
chr1 2420 2440 79.24
chr1 2440 2460 94.65
chr1 2460 2480 36.54
chr1 2480 2500 3.81
chr1 2500 2520 85.54
chr1 2520 2540 57.16
chr1 2540 2560 56.72
chr1 2560 2580 38.93
chr1 2580 2600 23.16
chr1 2600 2620 58.89
chr1 2620 2640 15.25
chr1 2640 2660 38.19
chr1 2660 2680 25.37
chr1 2680 2700 47.4
chr1 2700 2720 86.97
chr1 2720 2740 69.41
chr1 2740 2760 42.81
chr1 2760 2780 75.06
chr1 2780 2800 81.74
chr1 2800 2820 3.08
chr1 2820 2840 52.27
chr1 2840 2860 82.9
chr1 2860 2880 31.04
chr1 2880 2900 26.68
chr1 2900 2920 39.54
chr1 2920 2940 24.42
chr1 2940 2960 58.87
chr1 2960 2980 35.6
chr1 2980 3000 38.78
chr1 3000 3020 86.84
chr1 3020 3040 69.24
chr1 3040 3060 22.28
chr1 3060 3080 9.99
chr1 3080 3100 78.81
chr1 3100 3120 22.02
chr1 3120 3140 76.02
chr1 3140 3160 88.05
chr1 3160 3180 97.99
chr1 3180 3200 63.16
chr1 3200 3220 61.41
chr1 3220 3240 92.11
chr1 3240 3260 4.67
chr1 3260 3280 41.24
chr1 3280 3300 9.41
chr1 3300 3320 29.09
chr1 3320 3340 36.84
chr1 3340 3360 47.16
chr1 3360 3380 81.68
chr1 3380 3400 70.62
chr1 3400 3420 88.36
chr1 3420 3440 35.46
chr1 3440 3460 74.99
chr1 3460 3480 80.25
chr1 3480 3500 42.44
chr1 3500 3520 57.1
chr1 3520 3540 36.25
chr1 3540 3560 20.21
chr1 3560 3580 1.38
chr1 3580 3600 12.59
chr1 3600 3620 45.32
chr1 3620 3640 4.25
chr1 3640 3660 9.74
chr1 3660 3680 8.8
chr1 3680 3700 38.69
chr1 3700 3720 66.43
chr1 3720 3740 4.53
chr1 3740 3760 83.68
chr1 3760 3780 43.3
chr1 3780 3800 74.26
chr1 3800 3820 85.95
chr1 3820 3840 37.91
chr1 3840 3860 9.29
chr1 3860 3880 6.75
chr1 3880 3900 0.56
chr1 3900 3920 82.78
chr1 3920 3940 10.36
chr1 3940 3960 46.44
chr1 3960 3980 71.24
chr1 3980 4000 17.59
chr1 4000 4020 36.18