chr1 0 20 55.4
chr1 20 40 62.38
chr1 40 60 91.47
chr1 60 80 99.78
chr1 80 100 2.28
chr1 100 120 66.37
chr1 120 140 84.46
chr1 140 160 29.85
chr1 160 180 44.82
chr1 180 200 63.34
chr1 200 220 59.76
chr1 220 240 73.31
chr1 240 260 58.91
chr1 260 280 49.8
chr1 280 300 3.67
chr1 300 320 49.92
chr1 320 340 24.93
chr1 340 360 31.09
chr1 360 380 53.14
chr1 380 400 81.01
chr1 400 420 94.64
chr1 420 440 97.42
chr1 440 460 66.66
chr1 460 480 22.82
chr1 480 500 10.64
chr1 500 520 76.94
chr1 520 540 70.77
chr1 540 560 13.02
chr1 560 580 86.07
chr1 580 600 32.33
chr1 600 620 86.85
chr1 620 640 95.85
chr1 640 660 29.65
chr1 660 680 46.33
chr1 680 700 69.0
chr1 700 720 31.41
chr1 720 740 99.81
chr1 740 760 16.83
chr1 760 780 21.92
chr1 780 800 15.11
chr1 800 820 50.56
chr1 820 840 57.09
chr1 840 860 66.9
chr1 860 880 63.69
chr1 880 900 5.6
chr1 900 920 5.08
chr1 920 940 58.65
chr1 940 960 20.87
chr1 960 980 89.18
chr1 980 1000 31.63
chr1 1000 1020 96.06
chr1 1020 1040 97.06
chr1 1040 1060 6.5
chr1 1060 1080 15.08
chr1 1080 1100 98.91
chr1 1100 1120 80.9
chr1 1120 1140 22.03
chr1 1140 1160 27.54
chr1 1160 1180 86.98
chr1 1180 1200 28.78
chr1 1200 1220 54.9
chr1 1220 1240 9.6
chr1 1240 1260 79.9
chr1 1260 1280 84.75
chr1 1280 1300 25.73
chr1 1300 1320 48.86
chr1 1320 1340 51.76
chr1 1340 1360 61.63
chr1 1360 1380 85.75
chr1 1380 1400 52.09
chr1 1400 1420 29.7
chr1 1420 1440 74.13
chr1 1440 1460 53.08
chr1 1460 1480 67.99
chr1 1480 1500 88.04
chr1 1500 1520 99.27
chr1 1520 1540 51.56
chr1 1540 1560 22.8
chr1 1560 1580 98.09
chr1 1580 1600 14.29
chr1 1600 1620 6.11
chr1 1620 1640 47.65
chr1 1640 1660 70.92
chr1 1660 1680 67.09
chr1 1680 1700 75.68
chr1 1700 1720 5.03
chr1 1720 1740 27.8
chr1 1740 1760 92.29
chr1 1760 1780 49.99
chr1 1780 1800 66.5
chr1 1800 1820 70.61
chr1 1820 1840 90.98
chr1 1840 1860 71.33
chr1 1860 1880 6.92
chr1 1880 1900 13.55
chr1 1900 1920 61.03
chr1 1920 1940 30.39
chr1 1940 1960 77.85
chr1 1960 1980 37.83
chr1 1980 2000 36.09
chr1 2000 2020 50.45
chr1 2020 2040 22.5
chr1 2040 2060 51.47
chr1 2060 2080 11.93
chr1 2080 2100 75.62
chr1 2100 2120 54.46
chr1 2120 2140 55.02
chr1 2140 2160 82.5
chr1 2160 2180 47.44
chr1 2180 2200 55.55
chr1 2200 2220 71.95
chr1 2220 2240 54.74
chr1 2240 2260 41.26
chr1 2260 2280 13.73
chr1 2280 2300 86.8
chr1 2300 2320 4.86
chr1 2320 2340 59.39
chr1 2340 2360 85.61
chr1 2360 2380 9.8
chr1 2380 2400 24.7
chr1 2400 2420 24.4
chr1 2420 2440 20.78
chr1 2440 2460 70.0
chr1 2460 2480 47.52
chr1 2480 2500 84.82
chr1 2500 2520 19.63
chr1 2520 2540 51.77
chr1 2540 2560 1.09
chr1 2560 2580 64.02
chr1 2580 2600 82.46
chr1 2600 2620 75.54
chr1 2620 2640 31.16
chr1 2640 2660 41.15
chr1 2660 2680 45.03
chr1 2680 2700 3.6
chr1 2700 2720 12.29
chr1 2720 2740 27.81
chr1 2740 2760 25.93
chr1 2760 2780 68.22
chr1 2780 2800 84.04
chr1 2800 2820 44.6
chr1 2820 2840 92.99
chr1 2840 2860 37.67
chr1 2860 2880 82.65
chr1 2880 2900 29.33
chr1 2900 2920 92.85
chr1 2920 2940 84.49
chr1 2940 2960 88.76
chr1 2960 2980 41.88
chr1 2980 3000 80.83
chr1 3000 3020 51.78
chr1 3020 3040 61.46
chr1 3040 3060 40.11
chr1 3060 3080 67.18
chr1 3080 3100 29.75
chr1 3100 3120 88.21
chr1 3120 3140 34.83
chr1 3140 3160 17.3
chr1 3160 3180 0.25
chr1 3180 3200 62.18
chr1 3200 3220 86.05
chr1 3220 3240 14.04
chr1 3240 3260 67.82
chr1 3260 3280 38.16
chr1 3280 3300 27.64
chr1 3300 3320 27.59
chr1 3320 3340 43.18
chr1 3340 3360 4.85
chr1 3360 3380 55.77
chr1 3380 3400 50.46
chr1 3400 3420 8.88
chr1 3420 3440 72.09
chr1 3440 3460 88.76
chr1 3460 3480 69.49
chr1 3480 3500 20.9
chr1 3500 3520 85.96
chr1 3520 3540 82.5
chr1 3540 3560 76.72
chr1 3560 3580 29.07
chr1 3580 3600 73.1
chr1 3600 3620 35.29
chr1 3620 3640 83.19
chr1 3640 3660 84.23
chr1 3660 3680 82.62
chr1 3680 3700 77.89
chr1 3700 3720 36.63
chr1 3720 3740 36.13
chr1 3740 3760 99.45
chr1 3760 3780 71.08
chr1 3780 3800 65.33
chr1 3800 3820 10.23
chr1 3820 3840 20.67
chr1 3840 3860 77.3
chr1 3860 3880 71.75
chr1 3880 3900 71.46
chr1 3900 3920 84.29
chr1 3920 3940 83.19
chr1 3940 3960 39.32
chr1 3960 3980 71.44
chr1 3980 4000 42.21
chr1 4000 4020 87.81